Renault Clio/Clio 4 Europe Passenger Cars
37505 #January 2007
28470
47385
36399
32793
37224
31712
21628
32291
31816
30867
26369
30919 #January 2008
29364
40994
35834
31609
38568
26784
18284
28684
26745
21604
17996
17787 #January 2009
18639
32378
22247
25492
33811
26072
18393
32402
33133
34509
27720 
32591 #January 2010
27804
44437
29414
29070
33902
23480
15671
26988
26513
26325
27155 
26916 #January 2011
28350
36255
23664
25588
27155
21724
15553
28403
24043 
23683
20547
18826 #January 2012
19453
29336
20764
21104
23423
16628
13148
17205
16459
11768 #Clio 4 Introduced 
12235
16596 #January 2013
18669
28332
23643
20319
27937
19775
13858
24282
21772
19132
21226
19754 #January 2014
19432
30830
24903
29311
33154
22484
13625
26117
25420
20901
25430
21795 #January 2015
21620
36513
30225
24399
30816
22393
17793
24341
22388
22778
28331
20881 #January 2016
21845
34614
27843
30925
36600
19898
12493
25914
21867
27629
31291
24802 #January 2017
25051
40589
26485
31347
36372
21205
16493
26599
23411
26658
27951
24699 #January 2018
24564
37176
27981
31703
39853
26042
24822
22072
23770 #October 2018